data_niigatayake/sujet_14.asc
ncols        252
nrows        252
xllcorner    225881.003642860858
yllcorner    4079533.684119465295
cellsize     81.889438374615
NODATA_value -32768
[rows 111 to 147 of 252, columns 168 to 251 of 252]
2005 1924 1898 1885 1859 1833 1841 1864 1808 1842 1897 1972 1963 1948 1931 1924 1914 1914 1910 1885 1845 1811 1773 1716 1647 1587 1545 1506 1475 1469 1471 1443 1406 1383 1332 1298 1300 1276 1264 1238 1200 1193 1185 1167 1140 1154 1115 1097 1092 1081 1057 1035 996 995 995 994 1008 1011 1007 999 974 980 1006 1023 996 993 1022 1056 1047 1005 1018 1034 1032 1024 1011 995 974 941 913 866 -32768 -32768 -32768 -32768
1950 1965 1971 1954 1859 1833 1841 1864 1887 1912 1984 1984 1978 1967 1960 1963 1967 1956 1942 1920 1844 1800 1727 1655 1581 1520 1479 1446 1417 1391 1343 1338 1341 1313 1288 1272 1252 1224 1205 1191 1164 1193 1185 1167 1140 1126 1114 1101 1084 1070 1033 1007 1008 1013 1015 1028 1035 1040 1046 1032 1023 1029 1051 1057 1035 1040 1057 1090 1091 1059 1067 1055 1044 1028 996 963 941 941 913 866 -32768 -32768 -32768 -32768
1950 1965 1971 1954 1930 1928 1914 1920 1960 1995 2016 2014 2010 2010 2005 2007 2011 1988 1973 1945 1832 1781 1662 1574 1519 1475 1442 1418 1398 1385 1361 1349 1341 1322 1294 1277 1252 1224 1205 1175 1164 1152 1143 1139 1131 1116 1091 1069 1061 1036 1032 1017 1027 1030 1033 1051 1073 1096 1111 1082 1074 1086 1097 1100 1081 1092 1110 1129 1116 1092 1072 1053 1027 1028 996 963 941 912 894 873 -32768 -32768 -32768 -32768
2016 2040 2025 2006 1993 1979 1968 1971 2014 2039 2046 2042 2033 2037 2041 2037 2020 1999 1965 1876 1800 1658 1566 1527 1490 1457 1438 1432 1431 1391 1372 1364 1341 1322 1294 1277 1260 1237 1207 1179 1167 1147 1135 1120 1107 1094 1077 1076 1071 1062 1053 1045 1045 1041 1048 1073 1108 1146 1168 1131 1137 1152 1161 1149 1139 1147 1139 1126 1076 1092 1072 1053 1027 994 959 932 917 908 887 885 -32768 -32768 -32768 -32768
2080 2093 2069 2068 2059 2042 2035 2023 2042 2079 2073 2071 2079 2082 2080 2066 2024 1989 1953 1856 1700 1598 1544 1513 1491 1466 1453 1440 1431 1391 1372 1364 1345 1311 1288 1270 1247 1224 1199 1169 1153 1139 1135 1126 1120 1114 1113 1110 1104 1088 1082 1071 1061 1065 1083 1112 1140 1183 1212 1199 1194 1197 1193 1182 1139 1147 1139 1126 1076 1049 1028 1007 982 954 937 934 924 912 903 901 -32768 -32768 -32768 -32768
2113 2123 2113 2116 2107 2107 2097 2057 2063 2088 2103 2106 2109 2108 2087 2064 2027 1985 1930 1740 1631 1585 1568 1558 1491 1466 1453 1440 1428 1383 1364 1352 1333 1311 1305 1292 1257 1220 1184 1172 1178 1187 1186 1178 1166 1145 1136 1141 1122 1122 1117 1085 1080 1093 1120 1150 1185 1227 1245 1216 1194 1197 1193 1182 1169 1143 1107 1072 1016 995 981 970 964 954 950 940 928 924 943 943 -32768 -32768 -32768 -32768
2150 2161 2150 2153 2150 2147 2122 2077 2079 2075 2085 2085 2087 2070 2054 2030 1985 1931 1794 1679 1631 1585 1568 1558 1548 1515 1476 1450 1412 1388 1378 1364 1350 1337 1336 1313 1272 1225 1212 1230 1247 1254 1242 1218 1194 1169 1167 1178 1153 1151 1139 1102 1100 1123 1151 1179 1185 1227 1245 1216 1191 1176 1161 1146 1124 1097 1057 1031 1006 1001 994 985 983 966 958 945 953 976 981 960 -32768 -32768 -32768 -32768
2172 2195 2199 2184 2184 2173 2126 2086 2043 2025 2029 2026 2017 2021 1997 2030 1985 1931 1794 1679 1641 1645 1658 1659 1612 1564 1534 1512 1509 1462 1440 1408 1374 1359 1352 1312 1256 1245 1307 1328 1329 1329 1297 1249 1214 1198 1215 1216 1193 1176 1152 1125 1100 1123 1151 1179 1223 1253 1209 1182 1148 1126 1106 1089 1081 1061 1042 1032 1024 1012 999 988 977 968 983 1000 1001 1023 1005 970 -32768 -32768 -32768 -32768
2217 2229 2233 2231 2209 2166 2110 2067 1998 1982 1970 2026 2017 2021 1997 1960 1913 1869 1723 1704 1746 1754 1744 1714 1668 1634 1620 1604 1582 1553 1521 1486 1452 1410 1376 1320 1281 1383 1417 1415 1398 1373 1338 1299 1263 1255 1269 1259 1193 1176 1152 1125 1125 1153 1187 1216 1260 1233 1185 1149 1122 1094 1089 1088 1077 1066 1063 1038 1027 1008 1000 993 986 1005 1030 1046 1047 1033 997 971 -32768 -32768 -32768 -32768
2252 2251 2224 2189 2151 2110 2074 2067 1998 1982 1970 1974 1965 1952 1931 1896 1870 1772 1755 1775 1805 1813 1768 1732 1708 1682 1663 1646 1631 1566 1528 1496 1458 1418 1371 1313 1338 1466 1495 1501 1464 1431 1390 1299 1263 1255 1269 1259 1236 1213 1176 1152 1165 1195 1226 1248 1268 1196 1157 1137 1115 1115 1117 1104 1091 1093 1085 1048 1030 1017 1017 1018 1013 1039 1072 1086 1063 1024 1012 1002 -32768 -32768 -32768 -32768
2259 2212 2166 2189 2151 2110 2074 2009 1983 1970 1964 1955 1945 1921 1906 1883 1855 1766 1783 1810 1839 1837 1801 1761 1725 1705 1684 1649 1581 1511 1483 1450 1417 1381 1344 1367 1418 1547 1576 1501 1464 1431 1390 1359 1320 1313 1328 1325 1293 1253 1202 1185 1203 1235 1272 1294 1236 1181 1143 1143 1148 1158 1166 1159 1149 1127 1074 1049 1039 1040 1052 1051 1045 1075 1105 1112 1063 1024 1012 1002 -32768 -32768 -32768 -32768
2259 2212 2166 2128 2109 2085 2059 2015 1990 1975 1968 1962 1941 1932 1911 1888 1864 1795 1801 1842 1870 1846 1815 1789 1752 1715 1687 1645 1586 1525 1512 1456 1422 1400 1420 1367 1493 1547 1576 1565 1526 1493 1449 1420 1382 1372 1396 1386 1343 1296 1243 1230 1247 1277 1319 1324 1230 1184 1180 1187 1194 1208 1212 1184 1145 1112 1073 1065 1067 1081 1081 1051 1045 1075 1105 1112 1058 1056 1055 1040 -32768 -32768 -32768 -32768
2236 2182 2131 2107 2096 2082 2062 2024 2007 1995 1984 1966 1950 1933 1916 1904 1877 1872 1877 1894 1894 1865 1825 1797 1763 1729 1676 1650 1624 1575 1541 1456 1422 1400 1420 1470 1586 1622 1645 1624 1590 1549 1514 1466 1430 1430 1455 1449 1397 1347 1280 1263 1283 1338 1360 1317 1222 1219 1238 1250 1261 1258 1226 1188 1159 1143 1111 1065 1067 1081 1081 1075 1089 1124 1143 1092 1070 1091 1092 1086 -32768 -32768 -32768 -32768
2216 2189 2146 2122 2113 2080 2049 2035 2021 2004 1990 1979 1954 1932 1918 1917 1907 1918 1925 1914 1898 1873 1844 1807 1763 1730 1676 1650 1624 1575 1541 1525 1498 1530 1534 1555 1662 1675 1679 1659 1638 1612 1560 1505 1490 1495 1522 1506 1445 1394 1316 1303 1336 1367 1353 1257 1233 1265 1296 1312 1312 1292 1260 1188 1159 1127 1111 1095 1105 1114 1118 1133 1150 1175 1166 1085 1091 1114 1120 1121 -32768 -32768 -32768 -32768
2189 2189 2171 2150 2113 2086 2057 2045 2027 2013 2004 1989 1963 1949 1944 1947 1938 1933 1913 1893 1877 1857 1844 1807 1763 1730 1676 1664 1648 1614 1603 1598 1597 1597 1604 1657 1694 1700 1690 1680 1691 1675 1618 1553 1554 1577 1579 1531 1476 1438 1412 1392 1392 1378 1331 1257 1276 1312 1351 1312 1312 1292 1260 1238 1220 1190 1153 1135 1138 1143 1163 1193 1209 1201 1167 1105 1136 1144 1150 1142 -32768 -32768 -32768 -32768
2150 2162 2165 2156 2129 2092 2065 2059 2038 2027 2003 1988 1963 1946 1941 1936 1933 1925 1913 1893 1877 1857 1825 1785 1742 1701 1703 1702 1687 1672 1669 1648 1642 1635 1633 1678 1712 1714 1711 1705 1717 1724 1680 1633 1626 1617 1581 1520 1485 1482 1486 1476 1423 1380 1333 1257 1276 1312 1351 1379 1360 1316 1313 1311 1283 1216 1186 1186 1184 1189 1224 1250 1249 1214 1150 1165 1177 1179 1169 1153 -32768 -32768 -32768 -32768
2119 2134 2143 2151 2145 2109 2096 2085 2067 2051 2022 1997 1964 1942 1941 1936 1933 1925 1903 1881 1857 1832 1799 1764 1733 1712 1707 1707 1700 1687 1677 1671 1676 1662 1662 1708 1728 1735 1739 1736 1747 1766 1737 1694 1671 1612 1565 1534 1541 1551 1486 1476 1423 1380 1324 1323 1342 1363 1395 1399 1378 1358 1361 1379 1291 1259 1250 1246 1242 1251 1277 1288 1265 1222 1193 1208 1209 1197 1183 1166 -32768 -32768 -32768 -32768
2108 2123 2131 2140 2140 2144 2141 2137 2111 2084 2022 1997 1964 1942 1930 1923 1918 1910 1890 1874 1853 1826 1791 1759 1745 1720 1714 1709 1701 1700 1694 1704 1707 1704 1728 1746 1754 1757 1766 1763 1768 1788 1771 1730 1641 1609 1565 1534 1541 1551 1559 1519 1443 1380 1358 1384 1408 1421 1429 1431 1425 1417 1431 1436 1343 1315 1328 1318 1302 1303 1322 1302 1258 1226 1246 1247 1229 1215 1203 1189 -32768 -32768 -32768 -32768
2115 2117 2119 2124 2128 2150 2141 2137 2111 2084 2049 2024 1992 1957 1922 1922 1916 1896 1881 1869 1848 1829 1808 1777 1745 1733 1733 1732 1727 1725 1719 1741 1760 1762 1775 1776 1792 1797 1793 1789 1788 1798 1771 1730 1641 1609 1601 1592 1608 1624 1587 1519 1456 1428 1405 1425 1459 1480 1487 1505 1493 1488 1482 1477 1382 1358 1380 1371 1355 1350 1341 1297 1259 1276 1277 1269 1255 1233 1203 1189 -32768 -32768 -32768 -32768
2132 2117 2119 2124 2136 2150 2163 2166 2144 2122 2089 2059 2025 1985 1933 1931 1910 1881 1853 1840 1826 1812 1801 1786 1764 1755 1750 1749 1743 1744 1769 1809 1846 1857 1810 1799 1811 1819 1793 1789 1788 1798 1774 1730 1657 1647 1650 1660 1676 1694 1617 1555 1491 1471 1465 1462 1494 1523 1567 1578 1566 1548 1547 1499 1447 1420 1428 1411 1395 1382 1344 1295 1268 1305 1277 1269 1255 1233 1215 1201 -32768 -32768 -32768 -32768
2132 2123 2123 2121 2133 2144 2160 2165 2155 2135 2106 2064 2034 1990 1921 1912 1894 1881 1864 1854 1830 1816 1805 1788 1763 1760 1757 1756 1753 1775 1814 1848 1872 1866 1810 1799 1811 1819 1816 1812 1807 1805 1792 1705 1688 1698 1720 1739 1771 1758 1655 1590 1539 1534 1536 1528 1542 1579 1614 1640 1622 1605 1618 1555 1511 1484 1478 1458 1435 1396 1344 1295 1268 1305 1304 1288 1277 1258 1235 1213 -32768 -32768 -32768 -32768
2129 2123 2126 2129 2145 2153 2164 2173 2176 2153 2115 2074 2030 1941 1919 1909 1904 1902 1909 1906 1877 1853 1825 1776 1763 1757 1757 1756 1777 1775 1814 1848 1872 1866 1843 1833 1834 1840 1844 1834 1826 1821 1807 1740 1744 1769 1812 1835 1832 1751 1682 1616 1568 1585 1594 1577 1591 1620 1662 1701 1700 1674 1665 1614 1567 1529 1478 1458 1435 1396 1350 1310 1312 1333 1330 1320 1303 1286 1246 1221 -32768 -32768 -32768 -32768
2119 2124 2129 2150 2159 2167 2174 2176 2179 2168 2128 2066 2020 1955 1936 1932 1927 1937 1960 1953 1925 1889 1858 1798 1778 1757 1757 1756 1777 1826 1862 1881 1883 1882 1870 1860 1854 1864 1862 1854 1840 1832 1821 1789 1802 1835 1873 1873 1819 1750 1675 1635 1642 1656 1661 1646 1652 1673 1717 1743 1745 1737 1650 1614 1567 1529 1508 1490 1453 1413 1363 1343 1351 1364 1366 1353 1328 1300 1264 1235 -32768 -32768 -32768 -32768
2126 2135 2139 2142 2147 2154 2160 2163 2162 2162 2144 2087 2037 1983 1959 1959 1960 1976 1994 1982 1955 1889 1858 1798 1778 1772 1773 1776 1814 1864 1894 1899 1903 1901 1898 1884 1873 1884 1885 1872 1861 1855 1835 1839 1873 1901 1907 1869 1816 1756 1715 1700 1707 1715 1711 1709 1699 1673 1717 1743 1745 1737 1685 1645 1595 1571 1542 1530 1476 1426 1407 1395 1388 1397 1388 1366 1325 1291 1262 1245 -32768 -32768 -32768 -32768
2125 2128 2135 2135 2130 2135 2143 2150 2152 2150 2150 2139 2058 2012 2002 1990 2014 1976 1994 1982 1955 1922 1842 1815 1803 1797 1793 1802 1850 1883 1910 1914 1920 1922 1919 1916 1905 1910 1909 1901 1889 1884 1869 1890 1923 1940 1906 1854 1821 1785 1757 1750 1767 1715 1711 1709 1699 1723 1769 1799 1804 1789 1720 1676 1631 1602 1570 1550 1497 1470 1447 1431 1430 1423 1399 1367 1328 1307 1284 1269 -32768 -32768 -32768 -32768
2103 2111 2117 2117 2116 2111 2111 2121 2127 2134 2141 2147 2118 2012 2002 1990 2014 2037 2038 2009 1979 1932 1858 1836 1822 1815 1812 1836 1874 1905 1924 1934 1943 1948 1947 1942 1939 1938 1942 1936 1932 1924 1907 1917 1954 1950 1896 1865 1844 1785 1757 1750 1767 1777 1786 1782 1766 1784 1812 1856 1869 1796 1757 1707 1672 1644 1613 1576 1557 1551 1511 1465 1447 1419 1392 1368 1337 1312 1288 1266 -32768 -32768 -32768 -32768
2065 2090 2096 2099 2102 2100 2101 2104 2127 2134 2141 2147 2118 2069 2042 2025 2059 2076 2055 2020 1989 1947 1878 1862 1856 1847 1846 1873 1909 1920 1934 1952 1968 1975 1977 1970 1968 1968 1972 1977 1981 1951 1941 1947 1949 1950 1896 1865 1844 1835 1817 1799 1817 1843 1853 1844 1845 1839 1861 1890 1887 1810 1790 1757 1718 1691 1665 1634 1598 1563 1524 1450 1417 1383 1356 1335 1317 1296 1276 1253 -32768 -32768 -32768 -32768
2021 2049 2080 2093 2102 2100 2101 2104 2110 2124 2125 2142 2148 2125 2100 2078 2107 2099 2065 2041 2023 1953 1922 1903 1899 1888 1877 1901 1938 1947 1960 1981 1995 2005 2003 2004 2001 1999 2010 2019 2008 1951 1941 1947 1949 1925 1893 1873 1869 1861 1846 1803 1820 1839 1849 1858 1861 1863 1866 1865 1828 1770 1778 1769 1754 1716 1679 1632 1585 1542 1501 1423 1382 1348 1327 1299 1272 1296 1276 1253 -32768 -32768 -32768 -32768
2021 2066 2080 2093 2096 2099 2100 2103 2108 2110 2115 2126 2140 2150 2148 2140 2133 2126 2102 2084 2069 2004 1965 1943 1936 1922 1912 1936 1961 1968 1981 2006 2020 2029 2032 2025 2001 1999 2010 2019 2008 1939 1931 1915 1885 1856 1836 1832 1831 1826 1805 1761 1759 1751 1770 1782 1795 1785 -32768 1801 1716 1691 -32768 -32768 -32768 -32768 -32768 1620 1584 1555 1477 1442 1415 1348 1327 1299 1272 1256 1243 1235 -32768 -32768 -32768 -32768
1976 2019 2049 2072 2083 2084 2081 2083 2088 2089 2091 2113 2128 2138 2148 2152 2141 2125 2099 2081 2076 2053 2021 1992 1966 1945 1947 1969 1986 1989 2002 2028 2020 2029 2032 2025 2021 2028 2045 2031 1928 1889 1874 1853 1827 1805 1786 1773 1771 1770 1722 1699 1680 1671 1679 1693 1705 1713 -32768 1748 1641 1595 -32768 -32768 -32768 -32768 -32768 1625 1595 1555 1477 1442 1415 1396 1361 1328 1288 1251 1204 1194 -32768 -32768 -32768 -32768
1942 1981 2024 2050 2062 2066 2064 2066 2070 2080 2106 2118 2133 2137 2141 2126 2114 2099 2072 2053 2047 2046 2038 2015 2000 1989 1993 1995 1986 1989 2020 2028 2042 2053 2055 2050 2048 2061 2061 2016 1894 1858 1839 1814 1786 1777 1764 1739 1729 1732 1689 1652 1623 1612 1614 1607 1617 1630 -32768 -32768 1574 1520 1484 -32768 -32768 -32768 -32768 1625 1595 1565 1514 1493 1461 1426 1387 1359 1307 1267 1225 -32768 -32768 -32768 -32768 -32768
1923 1959 2001 2023 2033 2038 2045 2055 2064 2080 2129 2145 2158 2155 2130 2100 2083 2069 2047 2029 2019 2022 2023 2013 2000 1989 1993 1995 2003 2013 2038 2053 2066 2080 2085 2077 2082 2089 2077 2017 1876 1843 1821 1796 1773 1762 1746 1719 1701 1712 1665 1624 1592 1569 1562 1555 1544 1538 -32768 1536 1574 1520 1484 -32768 -32768 -32768 -32768 -32768 1529 1498 1503 1472 1432 1410 1394 1365 1308 1266 1225 -32768 -32768 -32768 -32768 -32768
1922 1952 1977 1994 2006 2018 2036 2041 2063 2088 2150 2166 2159 2133 2101 2073 2052 2037 2025 2018 2019 2022 2023 2013 2007 2008 2013 2016 2026 2036 2061 2080 2094 2102 2115 2118 2126 2114 2071 1917 1874 1837 1819 1790 1763 1741 1716 1694 1674 1664 1643 1608 1581 1547 1527 1518 1544 1538 -32768 1536 1490 1461 1433 -32768 -32768 -32768 -32768 -32768 1446 1431 1420 1393 1378 1370 1359 1331 1295 1267 1235 -32768 -32768 -32768 -32768 -32768
1928 1945 1958 1969 1987 2001 2017 2035 2061 2097 2161 2163 2130 2099 2070 2045 2052 2037 2025 2015 2009 2015 2017 2021 2021 2026 2034 2040 2051 2071 2085 2109 2123 2129 2140 2151 2142 2113 2036 1899 1863 1836 1812 1789 1758 1729 1695 1660 1639 1617 1604 1579 1581 1547 1527 1518 1499 1478 1483 1457 1435 1408 1396 1371 1319 1333 1388 -32768 1399 1348 1350 1337 1319 1309 1292 1266 1245 1242 1231 -32768 -32768 -32768 -32768 -32768
1934 1945 1953 1954 1969 1982 1997 2024 2059 2140 2177 2163 2130 2099 2070 2045 2025 2014 2012 2022 2024 2019 2026 2032 2051 2074 2080 2077 2082 2100 2114 2125 2132 2137 2133 2136 2120 2070 1988 1880 1855 1838 1813 1778 1748 1709 1677 1653 1639 1617 1604 1579 1554 1531 1505 1485 1466 1439 1417 1403 1386 1374 1363 1338 1293 1299 1348 -32768 1297 1277 1274 1260 1258 1251 1231 1219 1211 1203 1191 -32768 -32768 -32768 -32768 -32768
1921 1932 1942 1941 1952 1966 1990 2024 2059 2140 2177 2171 2118 2077 2047 2027 2012 2009 2017 2029 2032 2031 2035 2041 2063 2097 2125 2129 2123 2131 2114 2095 2084 2077 2073 2070 2058 2024 1920 1885 1868 1850 1830 1783 1748 1709 1677 1653 1603 1585 1561 1543 1514 1495 1471 1462 1446 1428 1429 1420 1401 1376 1347 1328 1264 1235 1251 -32768 1236 1208 1199 1197 1198 1195 1184 1179 1188 1187 1163 -32768 -32768 -32768 -32768 -32768
1915 1911 1907 1941 1952 1966 1990 2025 2062 2151 2190 2175 2123 2075 2037 2014 2012 2016 2029 2034 2035 2046 2050 2058 2080 2111 2144 2162 2153 2124 2074 2041 2026 2015 1995 2005 2006 1992 1914 1885 1868 1850 1830 1783 1754 1724 1700 1678 1614 1579 1540 1525 1515 1497 1485 1483 1481 1472 1434 1419 1399 1384 1366 1347 1311 1235 1193 -32768 1156 1148 1131 1132 1132 1135 1118 1109 1188 1174 1163 -32768 -32768 -32768 -32768 -32768
