data_niigatayake/sujet_14.asc
ncols        252
nrows        252
xllcorner    225881.003642860858
yllcorner    4079533.684119465295
cellsize     81.889438374615
NODATA_value -32768
[rows 37 to 73 of 252, columns 0 to 83 of 252]
-32768 -32768 -32768 -32768 -32768 -32768 -32768 381 375 388 384 368 367 353 330 311 286 285 311 334 372 410 509 576 575 566 578 586 622 658 700 733 763 786 808 835 850 846 844 851 864 877 896 916 926 931 939 952 964 986 1016 998 1031 1050 1051 1035 1020 1000 983 950 924 933 976 1022 1051 1048 -32768 804 786 768 740 726 731 748 750 745 770 780 771 772 750 723 697 675
-32768 -32768 -32768 -32768 -32768 -32768 -32768 397 409 414 384 368 367 353 339 325 305 287 309 335 374 404 489 570 615 610 604 625 623 623 666 709 732 755 769 783 794 822 843 868 883 894 899 918 938 954 939 952 964 986 1016 1038 1058 1073 1072 1058 1054 1043 1027 998 963 966 1007 1039 1066 1036 894 842 808 788 763 745 751 773 777 797 812 817 808 788 745 713 690 675
-32768 -32768 -32768 -32768 -32768 -32768 -32768 407 409 414 404 387 378 367 350 333 318 297 320 345 387 429 513 612 660 662 654 682 694 652 639 684 726 754 773 798 814 859 902 929 953 960 899 918 938 954 970 981 992 1009 1045 1071 1087 1097 1088 1084 1097 1087 1073 1041 1008 1017 1044 1067 1085 1052 920 871 840 820 781 764 766 786 800 831 886 870 831 788 745 713 690 678
-32768 -32768 -32768 -32768 -32768 -32768 -32768 425 435 441 428 406 387 374 359 347 335 303 320 354 400 505 570 647 690 690 691 761 763 729 689 676 730 775 816 848 867 886 902 929 953 960 979 994 1002 1008 1011 1012 1029 1046 1073 1107 1123 1131 1127 1117 1142 1143 1129 1091 1065 1067 1075 1094 1121 1118 910 883 844 819 800 796 789 801 800 881 886 870 831 793 757 737 722 714
-32768 -32768 -32768 -32768 -32768 -32768 -32768 451 454 457 445 424 415 427 428 407 385 326 336 371 460 548 613 676 704 719 774 806 813 783 736 700 685 738 816 848 867 886 928 977 1019 1042 1052 1057 1059 1051 1052 1057 1067 1091 1110 1129 1143 1166 1185 1177 1182 1195 1175 1139 1112 1106 1113 1130 1154 -32768 -32768 887 849 829 800 796 789 801 819 898 937 902 858 821 793 770 757 754
-32768 -32768 -32768 -32768 -32768 -32768 450 471 479 484 476 480 524 545 541 487 396 348 340 387 447 542 603 672 709 729 804 842 857 838 736 700 685 738 797 853 906 916 931 971 1009 1019 1042 1057 1083 1098 1099 1093 1102 1106 1110 1133 1145 1167 1201 1226 1227 1233 1211 1176 1149 1142 1152 1171 1192 -32768 -32768 887 849 829 826 826 811 818 838 903 943 917 880 844 822 809 794 782
-32768 -32768 -32768 -32768 -32768 -32768 474 493 507 522 541 577 622 638 624 596 -32768 352 349 389 432 493 580 650 689 729 804 842 857 838 802 770 732 709 740 842 854 874 897 920 948 953 959 987 1022 1051 1058 1068 1070 1067 1075 1090 1116 1148 1167 1213 1226 1248 1248 1219 1191 1182 1152 1171 1192 -32768 -32768 904 872 856 853 845 832 840 888 930 969 948 897 862 840 842 831 800
-32768 -32768 -32768 -32768 -32768 -32768 490 509 537 602 638 659 682 690 671 617 -32768 -32768 344 384 430 493 580 650 689 771 822 872 910 885 859 835 796 734 717 765 776 797 821 868 897 886 884 899 934 977 985 988 986 1005 1008 1033 1068 1097 1127 1133 1168 1208 1248 1219 1191 1182 1189 1220 -32768 -32768 962 925 891 885 888 875 863 862 917 949 991 988 937 891 861 851 826 790
-32768 -32768 -32768 -32768 -32768 -32768 506 531 598 662 687 702 717 722 699 630 -32768 -32768 344 384 430 478 547 627 695 799 852 887 938 945 905 862 813 758 740 783 800 801 800 817 834 836 831 830 890 898 888 910 928 933 967 1018 1069 1097 1127 1133 1168 1208 1235 1243 1236 1224 1246 1270 -32768 -32768 983 951 928 934 921 897 895 896 933 963 1005 1008 956 911 879 861 826 767
-32768 -32768 -32768 -32768 -32768 -32768 529 578 663 700 720 741 741 722 699 630 -32768 -32768 -32768 401 451 507 566 604 671 806 858 911 957 980 949 897 842 799 814 854 889 904 880 850 844 853 868 867 863 868 857 861 890 933 967 1018 1069 1082 1062 1102 1155 1189 1213 1241 1273 1288 1305 1299 -32768 -32768 1002 980 974 983 971 942 930 949 950 977 1019 1026 981 936 916 882 845 802
-32768 -32768 -32768 -32768 -32768 -32768 560 617 676 700 720 741 741 733 655 577 -32768 -32768 -32768 450 482 545 603 645 722 782 837 891 936 980 987 942 884 855 824 880 932 962 954 930 903 910 930 932 909 868 857 861 890 933 991 1032 1061 1008 1049 1103 1145 1182 1215 1256 1289 1319 1331 1217 1169 1096 1052 1024 1015 1014 1009 986 969 973 973 985 1006 1001 979 951 917 882 845 802
-32768 -32768 -32768 -32768 -32768 -32768 560 617 676 703 737 756 731 703 605 -32768 -32768 -32768 -32768 468 505 567 627 686 772 809 820 866 914 963 1010 1006 956 919 832 879 953 998 1010 970 946 910 930 917 909 926 930 899 883 922 960 983 985 982 1013 1055 1107 1137 1179 1238 1291 1316 1302 1184 1152 1129 1115 1098 1074 1057 1038 1016 1014 990 982 980 985 1001 979 951 917 885 855 834
-32768 -32768 -32768 -32768 -32768 -32768 590 620 655 694 744 745 716 685 611 -32768 -32768 -32768 -32768 520 562 609 664 704 799 850 862 867 909 956 1018 1043 1007 914 860 866 940 998 1010 970 946 961 984 982 982 995 991 965 918 911 922 938 955 1004 1015 1032 1074 1104 1144 1216 1274 1311 1251 1236 -32768 1180 1158 1116 1081 1044 1020 1003 982 990 982 980 985 985 969 955 924 913 880 879
-32768 -32768 -32768 -32768 -32768 -32768 597 614 649 695 736 749 727 632 -32768 -32768 -32768 -32768 540 569 620 687 735 778 832 873 915 916 912 945 1016 1064 1007 914 860 866 940 1009 1040 1028 1007 1030 1067 1055 1052 1055 1040 997 939 940 966 984 1010 1060 1074 1062 1065 1115 1173 1227 1266 1313 1309 1270 -32768 1183 1158 1107 1071 1044 1020 1003 982 971 955 947 947 958 966 965 957 947 896 884
-32768 -32768 -32768 -32768 -32768 -32768 611 657 687 727 762 760 720 619 -32768 -32768 -32768 471 526 583 684 755 794 826 859 902 959 978 912 945 1016 1064 1046 977 935 907 936 988 1039 1062 1073 1074 1101 1081 1079 1093 1075 1032 985 959 984 1033 1066 1103 1136 1129 1112 1119 1167 1215 1258 1312 1367 -32768 -32768 1183 1158 1107 1071 1036 1005 980 944 934 928 918 916 918 932 939 943 897 881 856
-32768 -32768 -32768 -32768 -32768 -32768 636 683 712 737 753 751 696 589 -32768 -32768 -32768 490 555 651 737 794 875 902 859 902 959 978 992 1008 1033 1064 1061 1038 1017 1002 988 984 1024 1053 1075 1088 1112 1089 1097 1114 1099 1071 1050 1008 989 1014 1128 1155 1183 1189 1174 1153 1161 1204 1258 1366 1367 -32768 -32768 -32768 1103 1092 1061 1029 1001 955 928 910 905 895 889 892 900 918 909 886 852 823
-32768 -32768 -32768 -32768 -32768 -32768 613 641 669 699 725 735 620 577 -32768 411 475 521 599 678 737 794 875 902 900 930 992 1038 1054 1059 1062 1077 1079 1054 1041 1046 1039 1016 1008 1038 1062 1080 1119 1109 1118 1134 1123 1104 1088 1065 1041 1056 1128 1187 1234 1253 1174 1153 1161 1204 1247 1357 1399 -32768 -32768 -32768 1097 1083 1050 1024 1007 956 929 902 887 876 866 862 869 883 870 855 824 799
-32768 -32768 -32768 -32768 -32768 -32768 579 602 633 671 704 711 642 588 446 421 475 521 599 678 723 786 875 913 964 996 1029 1065 1084 1084 1087 1094 1080 1052 1052 1071 1056 1038 1025 1033 1068 1098 1118 1136 1157 1169 1150 1135 1127 1112 1093 1081 1128 1187 1234 1253 1237 1203 1178 1191 1235 1337 1354 -32768 -32768 -32768 1105 1086 1055 1024 1012 964 950 924 897 873 855 839 839 847 833 823 801 776
-32768 -32768 -32768 -32768 -32768 -32768 559 575 603 646 679 692 642 588 446 421 441 516 591 650 689 800 841 876 932 976 1005 1041 1073 1081 1090 1109 1086 1060 1078 1085 1064 1047 1053 1054 1062 1104 1113 1132 1159 1176 1159 1152 1127 1112 1093 1081 1116 1179 1235 1279 1281 1242 1216 1206 1274 1315 1357 1334 1270 1207 1124 1089 1060 1022 973 951 936 930 918 887 861 837 831 829 834 818 792 755
-32768 -32768 -32768 -32768 -32768 -32768 544 575 603 646 679 687 652 573 485 438 427 479 524 588 656 800 840 878 914 955 991 1024 1048 1062 1083 1113 1097 1079 1096 1095 1069 1057 1080 1086 1078 1112 1129 1148 1159 1176 1159 1152 1156 1152 1132 1140 1169 1205 1236 1288 1309 1282 1258 1244 1276 1316 1348 1311 1248 1187 1122 1081 1055 1034 977 946 929 917 908 893 870 849 830 821 834 818 792 755
-32768 -32768 -32768 -32768 -32768 -32768 544 565 592 629 662 678 648 594 543 473 431 450 489 529 580 758 856 935 964 1010 1045 1060 1067 1065 1089 1111 1125 1113 1109 1097 1075 1076 1100 1086 1097 1112 1129 1148 1163 1184 1186 1182 1177 1166 1170 1187 1220 1251 1262 1296 1333 1338 1301 1291 1303 1332 1349 1292 1223 1171 1127 1088 1048 1026 968 944 922 904 889 874 870 849 830 818 810 795 770 746
-32768 -32768 -32768 -32768 -32768 -32768 548 566 588 612 647 680 649 630 580 514 465 440 451 489 598 682 863 956 1019 1063 1085 1089 1098 1101 1095 1107 1137 1148 1134 1097 1075 1076 1100 1104 1105 1126 1145 1163 1174 1182 1202 1209 1203 1189 1202 1234 1257 1294 1293 1303 1349 1374 1351 1330 1322 1346 1347 1307 1253 1163 1121 1082 1046 988 956 936 922 904 889 874 852 836 833 833 821 800 780 769
-32768 -32768 -32768 -32768 -32768 -32768 549 564 582 601 677 699 684 648 602 562 522 489 465 468 564 634 817 911 990 1052 1073 1087 1102 1115 1122 1107 1137 1148 1134 1111 1087 1088 1108 1108 1125 1151 1164 1179 1198 1208 1225 1241 1237 1224 1240 1273 1305 1333 1327 1319 1354 1396 1393 1362 1358 1352 1316 1258 1208 1152 1099 1082 1046 988 956 936 923 902 885 870 860 847 838 836 831 818 795 792
-32768 -32768 -32768 -32768 -32768 -32768 553 559 569 593 663 697 705 683 642 618 601 551 494 469 532 581 682 800 895 982 1017 1087 1102 1122 1122 1131 1141 1162 1157 1129 1101 1112 1123 1129 1146 1171 1183 1195 1220 1245 1261 1276 1276 1270 1294 1323 1358 1372 1374 1355 1375 1412 1432 1390 1383 1354 1294 1258 1208 1152 1099 1062 1035 970 947 928 911 893 880 874 869 856 826 820 818 811 800 818
-32768 -32768 -32768 -32768 -32768 -32768 555 561 564 580 639 671 703 706 674 653 652 614 555 487 496 544 597 800 895 982 1017 1040 1065 1105 1128 1143 1151 1172 1172 1150 1127 1134 1137 1150 1163 1185 1207 1220 1239 1261 1281 1306 1312 1308 1326 1339 1345 1350 1359 1378 1391 1428 1477 1390 1383 1354 1294 1219 1178 1139 1086 1048 993 967 939 919 905 893 887 885 874 851 831 831 847 855 850 835
-32768 -32768 -32768 -32768 -32768 -32768 562 568 572 586 614 642 675 700 701 696 687 653 555 487 496 544 597 655 769 783 895 945 1005 1081 1101 1111 1133 1168 1194 1194 1166 1159 1148 1166 1185 1204 1230 1253 1266 1281 1283 1301 1287 1276 1274 1277 1282 1289 1324 1378 1391 1428 1477 1444 -32768 -32768 -32768 1208 1169 1126 1078 1036 980 956 936 923 909 902 897 880 860 849 863 878 895 890 881 858
-32768 -32768 -32768 -32768 -32768 -32768 576 581 586 598 610 625 642 674 701 696 687 653 596 528 507 510 539 587 691 735 799 852 984 1045 1067 1091 1135 1166 1172 1187 1176 1172 1167 1186 1205 1229 1251 1255 1253 1248 1236 1260 1224 1203 1196 1277 1282 1289 1324 1385 1414 1430 1456 1444 -32768 -32768 -32768 1168 1127 1102 1065 1002 977 957 939 929 917 910 889 868 884 897 910 918 910 896 887 883
-32768 -32768 -32768 -32768 -32768 -32768 582 597 611 627 610 625 642 674 702 722 708 659 575 555 544 530 522 538 625 672 714 755 923 981 1028 1091 1111 -32768 -32768 -32768 -32768 -32768 1125 1144 1163 1197 1231 1238 -32768 -32768 1236 1260 1224 1203 1196 1197 1221 1256 1303 1345 1375 1388 1405 1426 1408 -32768 1239 1197 1145 1104 1066 1001 977 961 948 943 925 900 878 879 898 937 946 935 901 896 900 883
-32768 -32768 -32768 -32768 -32768 -32768 582 597 619 627 631 633 644 664 689 702 691 655 605 586 578 586 570 538 558 602 655 709 842 896 938 -32768 -32768 -32768 -32768 -32768 -32768 -32768 1033 1082 1111 1146 1231 1238 -32768 -32768 -32768 1134 1128 1125 1126 1172 1226 1244 1271 1307 1324 1362 1418 1462 1460 -32768 1262 1218 1177 1128 1078 1004 981 972 958 943 917 910 901 905 918 966 953 935 901 896 900 901
-32768 -32768 -32768 -32768 -32768 -32768 592 606 637 653 675 678 670 672 684 704 713 698 644 629 631 636 622 598 574 571 583 700 744 812 -32768 822 -32768 -32768 824 825 813 843 1033 1082 1111 1146 -32768 -32768 -32768 -32768 1073 1076 1060 1076 1135 1172 1189 1200 1224 1256 1293 1391 1434 1456 1426 1402 1319 1240 1187 1142 1053 1017 995 981 968 950 938 947 901 905 940 966 953 928 902 901 905 913
-32768 -32768 -32768 -32768 -32768 -32768 612 614 652 673 688 693 694 704 718 732 744 730 698 686 691 691 660 643 653 638 606 616 671 717 731 770 754 765 824 825 813 843 889 978 1044 -32768 -32768 1016 996 991 1014 1009 1045 1104 1126 1131 1155 1181 1223 1266 1354 1387 1408 1403 1370 1362 1308 1224 1190 1153 1058 1030 1003 994 968 950 938 947 945 937 969 973 965 942 917 913 932 946
-32768 -32768 -32768 -32768 -32768 -32768 643 635 652 673 691 698 706 728 740 754 763 770 758 751 748 718 677 681 721 713 669 623 614 633 731 770 754 765 797 804 807 828 833 883 986 989 977 969 946 943 952 978 1028 1080 1086 1108 1163 1202 1245 1288 1341 1344 1353 1350 1326 1306 1272 1225 1188 1145 1058 1030 1003 994 978 968 971 975 980 980 1010 1013 1011 973 941 953 975 981
-32768 -32768 -32768 -32768 -32768 -32768 648 653 660 675 698 709 730 753 761 764 771 784 794 800 772 731 693 702 758 713 642 623 614 633 659 715 735 753 772 787 818 823 817 827 883 935 912 907 884 886 933 974 1004 1023 1058 1092 1152 1199 1241 1284 1283 1286 1302 1290 1266 1265 1272 1225 1188 1100 1068 1039 1022 1009 993 985 992 997 1017 1053 1065 1069 1038 985 985 1005 1019 1002
-32768 -32768 -32768 -32768 -32768 -32768 658 673 678 687 705 735 757 770 776 777 785 794 816 825 793 731 693 702 758 822 703 684 671 663 658 682 708 720 730 752 815 822 818 807 820 843 845 847 840 860 913 954 983 1015 1074 1142 1196 1222 1233 1244 1229 1227 1302 1290 1266 1265 1269 1230 1186 1098 1071 1048 1034 1023 1020 1011 1018 1039 1060 1108 1115 1087 1046 1031 1037 1045 1032 1012
-32768 -32768 -32768 -32768 -32768 -32768 618 652 678 693 716 751 770 780 790 792 804 794 816 825 793 792 769 801 800 850 854 808 760 760 731 723 746 774 779 756 784 804 806 793 791 802 804 805 817 890 941 991 1036 1086 1124 1165 1194 1222 1233 1244 1229 1227 1231 1228 1224 1250 1263 1221 1180 1092 1072 1059 1049 1047 1042 1045 1048 1073 1108 1155 1151 1119 1083 1065 1079 1070 1044 1029
-32768 -32768 -32768 -32768 -32768 -32768 596 628 656 683 709 750 773 780 790 792 804 820 850 853 826 807 826 875 879 950 958 953 892 854 833 817 838 859 866 804 778 788 792 790 782 788 793 800 816 911 959 1010 1046 1086 1124 1165 1194 1195 1178 1172 1162 1167 1167 1188 1224 1257 1250 1210 1126 1093 1076 1070 1073 1074 1081 1089 1077 1091 1177 1206 1184 1141 1105 1095 1107 1090 1081 1057
-32768 -32768 -32768 -32768 -32768 577 600 629 651 683 709 750 773 784 799 823 830 854 888 881 857 835 840 883 924 967 992 999 1022 995 968 925 924 948 950 881 840 819 811 801 789 788 792 798 826 911 959 1010 1046 1075 1097 1117 1163 1158 1124 1119 1113 1117 1153 1200 1227 1246 1243 1206 1126 1105 1100 1096 1094 1097 1102 1116 1112 1117 1181 1208 1196 1149 1122 1129 1129 1090 1081 1057
