data_niigatayake/sujet_14.asc
ncols        252
nrows        252
xllcorner    225881.003642860858
yllcorner    4079533.684119465295
cellsize     81.889438374615
NODATA_value -32768
[rows 74 to 110 of 252, columns 84 to 167 of 252]
1086 1065 1065 1069 1092 1117 1141 1174 1210 1273 1326 1323 1295 1267 1230 1199 1143 1100 1079 1042 1075 1107 1147 1176 1208 1233 1264 1312 1301 1159 1102 1063 1049 1054 1047 1030 1022 1028 1062 1094 1109 1134 1146 1136 1126 1128 1127 1124 1110 1126 1157 1210 1262 1298 1347 1391 1420 1420 1372 1360 1352 1337 1309 1283 1268 1252 1193 1170 1142 1118 1064 1025 1021 1022 1033 1057 1079 1154 1139 1103 1072 1047 1018 992
1123 1094 1094 1097 1123 1137 1163 1191 1215 1266 1317 1348 1331 1305 1256 1196 1148 1113 1093 1071 1098 1134 1159 1183 1226 1233 1264 1312 1247 1186 1159 1118 1107 1103 1099 1062 1032 1035 1061 1084 1117 1142 1148 1142 1144 1149 1148 1148 1137 1126 1170 1212 1257 1290 1332 1377 1414 1438 1394 1384 1382 1371 1309 1283 1268 1252 1225 1172 1145 1115 1071 1053 1067 1078 1097 1116 1130 1168 1136 1094 1060 1028 1008 990
1153 1130 1125 1125 1136 1160 1187 1210 1247 1271 1314 1359 1367 1320 1261 1205 1164 1136 1113 1103 1136 1134 1159 1183 1226 1266 1301 1331 1270 1234 1206 1175 1169 1155 1151 1107 1068 1048 1072 1094 1134 1167 1185 1195 1191 1194 1177 1153 1137 1126 1169 1233 1280 1337 1361 1387 1426 1419 1394 1384 1382 1371 1340 1312 1289 1273 1237 1201 1168 1130 1104 1104 1123 1149 1155 1176 1195 1157 1115 1077 1039 1013 991 964
1184 1155 1151 1163 1171 1181 1198 1229 1263 1286 1329 1364 1384 1337 1284 1224 1181 1136 1113 1103 1136 1181 1212 1222 1243 1283 1320 1356 1331 1298 1263 1237 1212 1209 1190 1142 1090 1073 1092 1103 1152 1183 1199 1203 1206 1213 1215 1168 1152 1141 1155 1205 1264 1337 1361 1387 1426 1431 1410 1402 1397 1394 1375 1345 1302 1279 1265 1208 1176 1148 1139 1156 1184 1200 1207 1224 1167 1130 1092 1060 1036 1006 988 970
1219 1189 1179 1198 1208 1211 1215 1242 1281 1304 1338 1381 1399 1337 1284 1224 1181 1174 1153 1139 1156 1203 1237 1268 1284 1302 1336 1397 1404 1364 1324 1310 1279 1266 1228 1169 1111 1085 1104 1119 1160 1201 1219 1221 1218 1218 1212 1185 1175 1141 1155 1205 1264 1306 1345 1375 1426 1452 1440 1424 1417 1414 1402 1366 1326 1291 1241 1213 1191 1178 1198 1213 1224 1246 1254 1230 1152 1116 1086 1059 1039 1010 987 966
1249 1224 1215 1225 1232 1236 1236 1282 1309 1304 1338 1381 1399 1356 1301 1249 1216 1224 1197 1163 1160 1208 1242 1277 1314 1340 1368 1439 1449 1416 1380 1352 1314 1276 1219 1184 1114 1114 1120 1130 1164 1210 1232 1234 1225 1218 1200 1185 1175 1165 1166 1166 1209 1265 1314 1348 1474 1478 1468 1458 1430 1424 1400 1369 1330 1310 1282 1263 1248 1247 1250 1258 1274 1289 1253 1213 1147 1123 1084 1052 1032 1010 987 966
1292 1263 1249 1248 1232 1236 1236 1282 1309 1334 1375 1413 1415 1363 1313 1270 1252 1261 1226 1188 1187 1229 1267 1286 1321 1359 1390 1485 1478 1432 1396 1347 1305 1270 1226 1177 1131 1162 1157 1147 1165 1210 1232 1234 1225 1222 1214 1214 1200 1185 1188 1171 1174 1227 1278 1335 1486 1493 1494 1486 1449 1427 1403 1375 1355 1356 1332 1323 1324 1313 1295 1293 1323 1310 1258 1176 1149 1123 1084 1052 1032 1000 968 943
1292 1263 1249 1248 1249 1260 1261 1287 1328 1362 1406 1446 1434 1387 1339 1326 1312 1279 1243 1222 1214 1257 1303 1318 1336 1374 1469 1516 1505 1441 1400 1354 1313 1271 1236 1179 1131 1162 1157 1147 1165 1209 1239 1243 1232 1231 1235 1238 1222 1202 1201 1198 1185 1219 1285 1347 1471 1499 1507 1497 1490 1472 1446 1430 1414 1378 1371 1371 1355 1341 1327 1339 1363 1310 1258 1176 1149 1116 1075 1046 1013 979 960 978
1327 1296 1277 1268 1272 1283 1299 1312 1341 1386 1438 1467 1458 1419 1376 1362 1325 1283 1258 1247 1260 1303 1339 1365 1373 1400 1495 1535 1519 1463 1419 1375 1313 1271 1236 1179 1178 1201 1195 1167 1165 1206 1241 1246 1248 1244 1243 1249 1244 1221 1214 1220 1203 1235 1296 1407 1456 1509 1541 1546 1542 1516 1499 1478 1454 1397 1397 1399 1381 1341 1327 1339 1363 1328 1280 1178 1134 1097 1059 1028 996 992 1019 1058
1377 1346 1316 1302 1300 1311 1327 1336 1359 1415 1462 1500 1485 1440 1404 1384 1331 1307 1302 1279 1304 1342 1364 1384 1404 1424 1506 1533 1519 1463 1419 1375 1337 1298 1260 1199 1221 1252 1248 1193 1186 1223 1250 1253 1256 1255 1255 1264 1273 1246 1234 1243 1230 1263 1311 1414 1459 1508 1559 1585 1572 1556 1533 1510 1454 1397 1397 1399 1381 1367 1362 1386 1398 1356 1258 1212 1167 1123 1079 1041 1013 1023 1071 1127
1425 1394 1368 1343 1338 1331 1351 1373 1392 1439 1490 1524 1514 1470 1440 1379 1351 1345 1338 1324 1335 1381 1399 1417 1404 1455 1506 1533 1502 1462 1424 1390 1361 1335 1294 1243 1277 1288 1283 1226 1209 1233 1254 1266 1265 1265 1264 1272 1287 1263 1251 1264 1253 1282 1321 1394 1435 1482 1534 1589 1572 1556 1533 1510 1461 1438 1434 1431 1409 1408 1412 1446 1440 1400 1302 1246 1199 1162 1118 1074 1041 1051 1102 1157
1494 1469 1422 1406 1375 1371 1381 1396 1421 1476 1522 1566 1549 1494 1458 1400 1386 1370 1354 1347 1335 1381 1399 1417 1436 1468 1512 1543 1519 1482 1446 1434 1395 1350 1306 1293 1330 1327 1309 1248 1231 1244 1268 1276 1271 1278 1273 1282 1302 1286 1266 1291 1276 1274 1349 1378 1435 1482 1534 1589 1606 1584 1559 1545 1501 1480 1476 1477 1456 1452 1466 1497 1498 1453 1344 1291 1243 1192 1150 1103 1070 1065 -32768 -32768
1563 1536 1487 1461 1425 1414 1418 1428 1450 1489 1550 1595 1577 1532 1489 1400 1386 1370 1354 1347 1361 1396 1422 1448 1465 1496 1528 1565 1550 1519 1502 1470 1428 1379 1332 1357 1373 1330 1284 1239 1245 1258 1278 1287 1288 1287 1286 1294 1302 1296 1278 1301 1276 1274 1349 1378 1426 1464 1515 1576 1619 1632 1608 1584 1556 1535 1518 1517 1516 1505 1521 1549 1535 1426 1359 1309 1255 1222 1187 1143 1109 1081 1086 1273
1592 1587 1554 1515 1480 1457 1470 1470 1477 1510 1562 1595 1577 1532 1455 1422 1400 1388 1375 1374 1391 1421 1452 1486 1531 1538 1560 1604 1592 1564 1538 1497 1445 1401 1390 1420 1396 1317 1277 1266 1282 1285 1287 1301 1302 1299 1298 1298 1302 1296 1278 1301 1298 1281 1336 1373 1428 1471 1524 1578 1611 1636 1646 1608 1600 1572 1562 1563 1565 1582 1577 1597 1571 1472 1432 1346 -32768 1260 1208 1160 1128 1113 1160 1277
1584 1603 1599 1576 1511 1511 1523 1470 1477 1510 1562 1610 1609 1568 1488 1482 1444 1428 1409 1411 1439 1457 1472 1501 1553 1576 1610 1652 1642 1609 1569 1521 1473 1450 1446 1447 1378 1321 1293 1300 1303 1303 1306 1302 1302 1299 1298 1298 1299 1303 1293 1303 1311 1305 1338 1372 1435 1485 -32768 1520 1560 1580 1601 1640 1634 1610 1610 1626 1633 1644 1644 1623 1582 1459 1410 -32768 -32768 -32768 -32768 1180 1128 1113 1160 1277
1545 1577 1603 1576 1511 1511 1523 1521 1522 1557 1598 1649 1652 1608 1536 1505 1472 1455 1446 1459 1482 1501 1518 1532 1575 1605 1643 1686 1682 1645 1610 1571 1532 1507 1477 1443 1392 1341 1298 1300 1303 1303 1306 1316 1314 1307 1309 1305 1307 1306 1302 1307 1312 1305 1342 1390 1428 1431 1448 1473 1504 1537 1583 1675 1675 1656 1660 1689 1701 1703 1682 1631 1530 1468 1416 1376 -32768 -32768 -32768 1180 1173 1153 1259 1319
1545 1577 1603 1614 1597 1584 1573 1579 1579 1606 1655 1689 1667 1596 1567 1534 1509 1500 1510 1518 1532 1545 1565 1596 1603 1634 1673 1705 1675 1631 1605 1581 1548 1510 1492 1443 1392 1341 1298 1306 1319 1319 1319 1332 1331 1327 1319 1318 1316 1315 1313 1314 1314 1326 1353 1364 1380 1381 1397 1416 -32768 -32768 1607 1676 1725 1719 1717 1730 1744 1725 1692 1631 1530 1468 1416 1376 -32768 -32768 -32768 1256 1211 1205 1299 1356
1518 1551 1584 1664 1664 1656 1633 1636 1651 1672 1710 1735 1700 1642 1624 1582 1564 1566 1585 1588 1593 1613 1628 1646 1660 1686 1695 1688 1636 1596 1554 1581 1548 1510 1492 1452 1400 1356 1317 1319 1331 1336 1337 1344 1342 1341 1339 1336 1332 1323 1325 1321 1317 1322 1329 1330 1330 1338 1352 1374 -32768 1549 1616 1657 1708 1744 1769 1730 1744 1725 1692 1638 1553 1525 1494 1480 1423 1379 1343 1279 1242 1257 1334 1377
1503 1543 1590 1690 1715 1728 1718 1723 1731 1755 1776 1777 1748 1700 1668 1619 1613 1620 1640 1645 1654 1669 1686 1694 1682 1669 1650 1688 1636 1596 1554 1533 1485 1468 1456 1438 1397 1353 1321 1320 1337 1349 1351 1357 1360 1363 1354 1348 1350 1340 1335 1328 1329 1325 1326 1326 1326 1333 1358 1402 1447 1487 1582 1657 1708 1744 1769 1778 1777 1754 1717 1634 1611 1569 1543 1516 -32768 1384 1335 1279 1293 1371 1399 1429
1483 1522 1553 1673 1720 1752 1779 1796 1804 1809 1784 1765 1733 1723 1696 1670 1662 1666 1700 1704 1726 1742 1690 1694 1682 1669 1650 1633 1612 1577 1515 1486 1445 1425 1408 1394 1376 1357 1354 1347 1354 1365 1373 1376 1381 1380 1374 1366 1358 1356 1347 1338 1336 1332 1334 1333 1335 1341 1369 1402 1447 1541 1582 1618 1673 1715 1777 1817 1818 1791 1750 1684 1642 1591 1555 1511 1454 1393 1330 1315 1342 1438 1465 1495
1496 1537 1609 1658 1715 1751 1781 1810 1826 1815 1777 1739 1701 1715 1724 1733 1726 1727 1700 1704 1726 1742 1701 1658 1633 1608 1588 1578 1571 1552 1508 1470 1437 1422 1411 1406 1416 1417 1407 1392 1391 1386 1397 1400 1398 1400 1385 1375 1372 1368 1362 1346 1345 1346 1347 1333 1335 1341 1369 1387 1418 1505 1552 1590 1628 1673 1740 1795 1827 1816 1778 1693 1637 1583 1550 1505 1445 1387 1365 1371 1391 1458 1499 1549
1519 1558 1652 1683 1705 1715 1738 1768 1787 1785 1757 1724 1669 1690 1724 1733 1726 1727 1754 1763 1762 1759 1704 1639 1594 1562 1535 1524 1523 1512 1490 1469 1467 1468 1479 1485 1488 1477 1465 1453 1449 1407 1418 1425 1423 1405 1392 1388 1386 1381 1362 1346 1345 1346 1347 1344 1338 1337 1349 1361 1381 1471 1522 1570 1612 1643 1724 1758 1819 1821 1750 1713 1666 1618 1562 1499 1426 1411 1425 1439 1442 1486 1523 1585
1496 1555 1623 1639 1640 1659 1686 1702 1727 1749 1757 1681 1669 1690 1737 1759 1742 1745 1761 1762 1739 1737 1712 1660 1616 1568 1530 1514 1510 1502 1499 1497 1514 1532 1531 1528 1521 1514 1513 1508 1493 1439 1441 1445 1436 1419 1392 1388 1386 1381 1374 1363 1358 1357 1354 1349 1342 1337 1340 1359 1442 1494 1548 1592 1611 1648 1707 1751 1800 1827 1751 1671 1621 1598 1560 1525 1483 1467 1496 1503 1494 1532 1563 1585
1455 1551 1565 1569 1579 1597 1686 1702 1727 1749 1729 1656 1641 1673 1716 1722 1707 1719 1733 1729 1700 1716 1723 1697 1651 1602 1556 1525 1515 1512 1515 1522 1533 1552 1550 1542 1533 1535 1537 1531 1482 1469 1441 1445 1436 1419 1410 1409 1402 1394 1379 1377 1370 1371 1366 1360 1354 1346 1349 1376 1470 1513 1562 1612 1621 1626 1659 1723 1780 1816 1744 1690 1638 1597 1564 1543 1554 1558 1496 1503 1494 1532 1563 1622
1437 1503 1565 1569 1579 1597 1631 1640 1666 1708 1716 1626 1617 1650 1679 1671 1656 1671 1697 1693 1662 1693 1722 1717 1679 1624 1570 1541 1524 1521 1543 1549 1549 1554 1555 1556 1554 1556 1537 1531 1482 1469 1475 1468 1449 1436 1433 1428 1415 1408 1393 1389 1387 1384 1380 1375 1363 1355 1353 1360 1447 1503 1557 1581 1582 1586 1609 1702 1762 1814 1791 1742 1696 1659 1564 1543 1554 1558 1571 1556 1557 1582 1615 1651
1437 1503 1516 1500 1513 1539 1565 1595 1635 1667 1661 1611 1582 1610 1625 1614 1614 1640 1658 1655 1649 1688 1706 1711 1670 1627 1572 1550 1537 1534 1564 1572 1573 1569 1555 1556 1554 1556 1550 1540 1492 1491 1501 1478 1464 1456 1447 1439 1429 1420 1408 1404 1402 1398 1391 1381 1372 1361 1362 1395 1448 1489 1511 1527 1537 1558 1620 1689 1748 1823 1791 1742 1696 1659 1618 1619 1623 1637 1651 1609 1620 1648 1685 1714
1409 1428 1440 1434 1453 1469 1508 1547 1596 1627 1621 1579 1552 1562 1575 1570 1583 1598 1611 1616 1629 1655 1687 1699 1681 1654 1613 1593 1570 1534 1564 1572 1573 1569 1575 1576 1578 1571 1565 1526 1514 1517 1518 1494 1487 1478 1466 1457 1444 1425 1418 1424 1418 1411 1399 1386 1373 1363 1366 1393 1420 1444 1465 1483 1512 1555 1620 1689 1748 1823 1829 1803 1758 1728 1689 1670 1682 1703 1704 1664 1684 1720 1754 1780
1326 1345 1372 1377 1389 1422 1475 1521 1562 1572 1560 1538 1517 1516 1523 1528 1546 1555 1571 1590 1611 1629 1654 1669 1670 1654 1613 1593 1570 1566 1583 1594 1589 1594 1596 1597 1599 1587 1576 1548 1547 1545 1527 1520 1512 1499 1486 1470 1451 1435 1437 1440 1432 1425 1415 1403 1397 1397 1392 1411 1425 1440 1465 1483 1512 1555 1639 1676 1767 1808 1844 1864 1834 1800 1773 1755 1763 1765 1737 1742 1759 1790 1809 1807
1255 1271 1292 1314 1336 1386 1429 1466 1493 1496 1490 1498 1492 1497 1529 1550 1571 1582 1593 1609 1638 1629 1654 1669 1670 1669 1661 1637 1595 1585 1601 1615 1621 1622 1625 1625 1624 1613 1599 1580 1567 1557 1546 1540 1528 1511 1494 1477 1467 1453 1458 1460 1456 1470 1473 1474 1470 1397 1395 1411 1425 1440 1451 1486 1534 1588 1643 1681 1750 1791 1827 1871 1900 1888 1853 1849 1838 1823 1815 1821 1849 1856 1859 1824
1203 1234 1273 1294 1318 1353 1382 1399 1427 1450 1461 1476 1504 1541 1568 1599 1619 1582 1593 1609 1638 1634 1634 1650 1669 1689 1682 1648 1602 1607 1620 1636 1645 1644 1653 1657 1648 1635 1613 1607 1593 1574 1569 1557 1541 1520 1504 1492 1478 1470 1474 1476 1474 1470 1473 1474 1470 1461 1437 1439 1444 1462 1472 1494 1541 1579 1625 1652 1736 1782 1820 1879 1923 1950 1944 1922 1919 1899 1886 1903 1932 1951 1930 1888
1235 1274 1310 1337 1360 1374 1390 1411 1436 1497 1525 1536 1557 1541 1568 1599 1619 1634 1621 1636 1661 1671 1659 1655 1677 1699 1702 1670 1617 1631 1652 1667 1668 1668 1684 1687 1671 1658 1642 1628 1606 1593 1586 1571 1552 1541 1536 1520 1501 1470 1474 1476 1474 1498 1530 1530 1528 1530 1505 1491 1480 1478 1496 1501 1525 1556 1587 1688 1733 1779 1819 1878 1925 1973 2004 2007 1977 1939 1940 1962 1987 2009 1979 1919
1280 1315 1349 1375 1399 1429 1453 1467 1512 1497 1525 1536 1557 1590 1623 1645 1667 1683 1647 1661 1683 1694 1695 1687 1684 1694 1705 1694 1645 1655 1675 1692 1695 1693 1710 1713 1703 1689 1667 1650 1625 1621 1612 1598 1581 1541 1536 1520 1501 1496 1491 1494 1513 1549 1577 1600 1613 1594 1562 1541 1516 1505 1517 1528 1538 1557 1585 1672 1722 1781 1823 1866 1911 1962 2001 2030 2035 2003 2018 2039 2069 2009 1979 1919
1283 1322 1344 1376 1399 1429 1453 1467 1512 1545 1580 1607 1621 1638 1663 1699 1714 1721 1681 1681 1704 1726 1730 1723 1711 1712 1720 1706 1671 1684 1703 1716 1728 1726 1735 1739 1730 1714 1700 1674 1657 1621 1612 1598 1581 1573 1563 1531 1525 1520 1516 1519 1520 1556 1594 1656 1677 1655 1616 1589 1564 1555 1569 1564 1567 1584 1616 1680 1717 1754 1819 1868 1918 1972 2004 2056 2077 2003 2018 2039 2069 2053 1984 1928
1283 1322 1344 1376 1416 1477 1512 1518 1554 1583 1607 1642 1671 1692 1712 1741 1761 1749 1732 1716 1729 1755 1773 1771 1764 1747 1746 1710 1713 1723 1735 1750 1756 1762 1765 1767 1730 1714 1700 1674 1657 1655 1643 1634 1627 1615 1609 1589 1564 1543 1541 1543 1535 1555 1602 1663 1693 1686 1668 1638 1611 1620 1620 1608 1599 1620 1693 1730 1765 1802 1852 1914 1962 1972 2004 2056 2085 2082 2061 2086 2089 2055 2000 1961
1252 1297 1324 1365 1404 1448 1504 1554 1588 1608 1627 1670 1695 1722 1745 1776 1801 1775 1766 1751 1757 1776 1803 1816 1801 1776 1766 1733 1743 1754 1766 1780 1756 1762 1765 1767 1764 1743 1726 1708 1693 1692 1694 1696 1690 1678 1672 1646 1618 1578 1565 1555 1550 1570 1615 1654 1739 1726 1702 1685 1688 1692 1679 1649 1636 1642 1715 1764 1801 1802 1852 1914 1962 2023 2066 2101 2123 2125 2142 2155 2127 2088 2050 1983
1217 1267 1315 1347 1383 1420 1464 1550 1592 1622 1652 1689 1718 1756 1778 1799 1814 1813 1804 1786 1796 1822 1840 1850 1836 1806 1785 1783 1743 1754 1766 1780 1791 1800 1804 1805 1791 1785 1760 1746 1737 1747 1759 1760 1747 1740 1705 1681 1647 1604 1589 1594 1604 1602 1621 1662 1766 1767 1740 1746 1760 1762 1722 1692 1636 1642 1715 1764 1801 1851 1894 1936 1982 2038 2085 2125 2175 2179 2190 2199 2185 2152 -32768 -32768
1253 1243 1288 1326 1345 1383 1425 1534 1580 1624 1652 1681 1728 1750 1778 1786 1824 1844 1836 1822 1837 1859 1866 1863 1836 1806 1787 1783 1776 1784 1800 1811 1829 1834 1842 1852 1844 1828 1812 1799 1814 1821 1819 1819 1819 1796 1732 1706 1674 1640 1627 1643 1675 1671 1653 1684 1756 1809 1810 1815 1760 1762 1722 1692 1680 1719 1746 1784 1824 1874 1920 1971 2012 2056 2094 2180 2212 2231 2227 2211 2185 2162 2124 2087
