data_niigatayake/sujet_14.asc
ncols        252
nrows        252
xllcorner    225881.003642860858
yllcorner    4079533.684119465295
cellsize     81.889438374615
NODATA_value -32768
[rows 185 to 221 of 252, columns 0 to 83 of 252]
-32768 -32768 1234 1209 1190 1154 1130 1119 1140 1142 1154 1176 1163 1128 1103 1094 1119 1113 1118 1107 1106 1097 1094 1103 1114 1158 1171 1164 1153 1126 1095 1069 1079 1107 1125 1163 1178 1192 1200 1222 1247 1273 1290 1306 1328 1329 1297 1273 1280 1255 1225 1198 1205 1207 1192 1185 1192 1182 1167 1155 1131 1104 1083 1051 1021 1035 1040 1016 1012 1015 1019 1028 1042 1068 1116 1211 1249 1282 1314 1345 1367 1372 1384 1398
-32768 -32768 1202 1178 1172 1117 1100 1119 1140 1142 1154 1158 1161 1141 1125 1139 1151 1149 1144 1134 1130 1124 1115 1121 1126 1164 1182 1183 1172 1132 1100 1096 1104 1127 1153 1187 1207 1226 1228 1235 1255 1281 1306 1306 1328 1329 1297 1273 1263 1243 1226 1210 1215 1216 1203 1189 1191 1178 1165 1157 1137 1119 1091 1060 1027 1019 1020 995 989 998 1020 1052 1088 1121 1155 1252 1285 1298 1312 1324 1367 1372 1384 1398
-32768 -32768 1146 1178 1172 1117 1100 1099 1113 1113 1122 1131 1144 1151 1154 1169 1191 1196 1185 1163 1161 1150 1137 1138 1145 1165 1194 1204 1190 1157 1133 1124 1128 1148 1176 1219 1229 1245 1253 1235 1255 1281 1306 1329 1343 1327 1298 1273 1247 1234 1211 1199 1200 1202 1191 1191 1190 1186 1175 1156 1134 1107 1075 1057 994 994 987 986 1005 1037 1060 1089 1133 1177 1252 1280 1285 1298 1312 1324 1323 1308 1323 1327
-32768 -32768 1146 1140 1130 1108 1081 1072 1080 1090 1102 1126 1147 1145 1170 1195 1226 1242 1224 1196 1190 1179 1170 1165 1166 1177 1201 1219 1205 1172 1151 1151 1148 1163 1210 1219 1229 1245 1253 1261 1279 1300 1310 1316 1317 1311 1297 1274 1249 1232 1209 1189 1182 1185 1189 1189 1187 1182 1167 1137 1112 1080 1051 1043 1021 988 971 982 1022 1063 1092 1117 1133 1177 1252 1280 1275 1265 1270 1275 1269 1245 1255 1262
-32768 -32768 1093 1092 1082 1070 1055 1058 1075 1095 1102 1120 1128 1124 1190 1212 1227 1245 1241 1228 1215 1204 1193 1195 1191 1198 1224 1238 1215 1180 1170 1151 1148 1163 1210 1229 1245 1260 1279 1284 1276 1285 1286 1281 1289 1288 1287 1265 1242 1230 1215 1192 1175 1174 1181 1182 1178 1165 1140 1113 1084 1058 1033 1018 1025 1021 976 982 1022 1063 1092 1117 1154 1226 1243 1235 1222 1223 1222 1230 1218 1185 1197 1216
-32768 -32768 1059 1066 1049 1034 1037 1067 1089 1090 1084 1090 1103 1115 1172 1187 1197 1218 1234 1254 1253 1240 1227 1226 1222 1221 1237 1238 1215 1180 1170 1177 1181 1188 1214 1227 1256 1278 1300 1296 1276 1258 1250 1263 1259 1258 1258 1251 1244 1236 1219 1192 1172 1170 1173 1172 1166 1149 1121 1104 1080 1051 1027 1016 1025 1021 976 967 1003 1037 1054 1074 1124 1192 1190 1175 1163 1168 1170 1177 1171 1133 1135 1150
-32768 -32768 1037 1041 1016 1018 1042 1067 1068 1065 1075 1089 1102 1133 1150 1171 1191 1212 1230 1247 1270 1279 1227 1224 1222 1221 1237 1252 1231 1201 1204 1214 1208 1219 1227 1235 1257 1285 1313 1317 1299 1273 1244 1232 1223 1214 1223 1230 1225 1217 1213 1202 1185 1172 1171 1168 1159 1141 1108 1104 1080 1051 1027 1000 997 1006 986 955 983 1016 1036 1045 1101 1154 1136 1117 1116 1127 1125 1124 1126 1098 1080 1092
-32768 -32768 1016 988 984 1011 1032 1037 1044 1056 1077 1089 1106 1132 1150 1173 1194 1214 1230 1247 1270 1279 1263 1253 1245 1246 1260 1270 1249 1231 1240 1237 1231 1240 1237 1243 1272 1299 1330 1344 1325 1288 1249 1203 1191 1171 1174 1191 1197 1192 1191 1191 1186 1178 1176 1168 1159 1141 1108 1083 1059 1036 1019 987 973 986 977 952 963 989 1004 1018 1102 1102 1094 1076 1074 1097 1092 1093 1093 1068 1087 1112
-32768 -32768 989 951 974 998 1010 1017 1031 1038 1058 1078 1097 1126 1150 1173 1194 1214 1231 1239 1259 1287 1308 1283 1271 1279 1299 1304 1277 1270 1283 1279 1275 1254 1256 1269 1294 1311 1336 1342 1319 1275 1206 1177 1161 1135 1129 1140 1157 1165 1191 1191 1178 1178 1176 1163 1147 1124 1092 1064 1035 1009 974 968 969 984 971 933 917 946 970 978 1048 1046 1041 1038 1047 1064 1063 1062 1059 1053 1125 1147
-32768 -32768 927 934 956 976 989 1006 1028 1048 1058 1078 1113 1126 1145 1171 1194 1214 1232 1247 1262 1289 1335 1325 1320 1329 1334 1341 1334 1315 1316 1321 1304 1289 1285 1293 1315 1334 1340 1325 1296 1257 1203 1189 1163 1145 1129 1140 1157 1165 1156 1157 1174 1177 1163 1143 1127 1108 1081 1051 1027 997 953 957 967 983 977 931 887 911 940 956 1020 1022 1010 1014 1019 1025 1031 1028 1034 1091 1172 1147
-32768 -32768 919 943 968 991 989 1006 1028 1048 1064 1077 1114 1135 1159 1179 1192 1203 1228 1250 1269 1293 1349 1355 1361 1375 1382 1386 1377 1370 1368 1361 1337 1329 1328 1343 1371 1368 1349 1327 1308 1276 1203 1189 1163 1145 1117 1095 1103 1118 1121 1126 1155 1150 1123 1101 1089 1082 1069 1043 1013 991 944 951 967 967 952 917 875 884 916 986 1017 1042 1046 1034 1025 1032 1040 1028 1034 1141 1172 1201
-32768 -32768 919 943 968 991 1010 1025 1048 1071 1091 1107 1129 1155 1178 1187 1199 1205 1222 1244 1263 1291 1348 1377 1394 1414 1433 1444 1453 1452 1452 1427 1400 1402 1394 1404 1414 1392 1349 1327 1308 1247 1232 1214 1190 1164 1136 1112 1089 1080 1079 1094 1112 1108 1088 1061 1048 1041 1032 1013 989 951 930 935 944 932 904 879 883 915 940 1005 1037 1060 1046 1034 1025 1032 1040 1036 1040 1160 1207 1234
-32768 905 921 945 981 1021 1049 1067 1076 1089 1120 1150 1156 1174 1199 1206 1206 1216 1228 1245 1260 1312 1346 1381 1416 1451 1480 1492 1498 1494 1488 1510 1511 1508 1394 1404 1414 1392 1357 1327 1314 1293 1278 1253 1221 1185 1148 1132 1104 1075 1059 1035 1056 1052 1040 1032 1006 991 978 962 949 918 898 898 907 897 870 876 903 935 940 1005 1037 1060 1058 1057 1074 1095 1094 1090 1077 1137 1199 1247
-32768 946 939 940 979 1029 1067 1095 1108 1116 1136 1195 1204 1205 1226 1242 1243 1251 1260 1267 1281 1312 1333 1363 1403 1444 1485 1529 1545 1494 1488 1510 1511 1508 1477 1471 1442 1397 1356 1323 1309 1316 1314 1288 1256 1205 1166 1139 1112 1081 1062 994 996 986 976 991 980 939 920 912 898 888 866 855 859 855 870 876 903 935 1005 1035 1062 1091 1096 1085 1102 1137 1151 1145 1097 1133 1182 1239
-32768 1009 987 966 982 1021 1061 1101 1125 1152 1182 1234 1247 1252 1272 1295 1310 1313 1314 1317 1322 1341 1361 1378 1405 1444 1485 1529 1545 1542 1547 1551 1540 1519 1506 1490 1449 1400 1353 1321 1326 1318 1298 1277 1250 1207 1169 1136 1110 1084 1044 989 954 933 930 950 951 923 889 872 857 854 866 855 859 855 861 886 910 943 1028 1063 1095 1119 1140 1120 1111 1141 1173 1166 1091 1119 1179 1226
-32768 1063 1029 1006 1005 1007 1035 1082 1119 1163 1230 1245 1259 1282 1324 1362 1382 1384 1384 1380 1373 1341 1361 1378 1405 1441 1482 1530 1544 1541 1541 1528 1504 1482 1468 1461 1433 1399 1348 1321 1322 1292 1274 1249 1226 1218 1181 1141 1125 1114 1074 1025 988 945 911 903 915 923 889 872 857 854 839 841 849 867 885 915 942 989 1046 1078 1107 1138 1166 1158 1137 1143 1181 1183 1112 1119 1171 1228
-32768 1098 1065 1039 1037 1032 1023 1064 1105 1139 1178 1208 1254 1300 1350 1399 1430 1384 1384 1380 1373 1406 1429 1434 1443 1465 1482 1492 1495 1496 1497 1483 1457 1435 1426 1418 1398 1370 1341 1318 1269 1235 1216 1206 1194 1193 1190 1172 1162 1145 1092 1058 1014 945 911 903 915 907 875 816 825 831 844 869 891 919 932 943 980 1049 1080 1111 1130 1156 1185 1195 1171 1173 1202 1225 1155 1128 1163 1219
-32768 1131 1099 1076 1074 1067 1048 1064 1083 1117 1170 1224 1273 1300 1350 1399 1430 1440 1439 1433 1420 1440 1446 1452 1471 1465 1442 1433 1432 1449 1453 1442 1420 1393 1380 1367 1345 1321 1313 1262 1218 1191 1170 1152 1141 1152 1161 1169 1167 1117 1092 1058 1014 971 911 872 869 872 853 805 835 868 883 904 935 965 982 1006 1034 1079 1106 1126 1148 1166 1185 1205 1210 1216 1234 1284 1206 1176 1170 1207
-32768 1155 1147 1132 1116 1097 1096 1097 1083 1140 1170 1224 1273 1316 1369 1415 1457 1467 1467 1440 1416 1407 1410 1433 1450 1428 1395 1372 1380 1403 1409 1408 1389 1362 1331 1308 1282 1265 1259 1229 1196 1164 1131 1110 1098 1152 1161 1169 1167 1106 1084 1068 1034 977 946 909 857 836 820 805 846 893 930 963 991 1017 1042 1042 1037 1071 1094 1104 1128 1146 1162 1198 1243 1267 1298 1335 1240 1176 1170 1207
-32768 1126 1136 1148 1116 1097 1096 1097 1103 1153 1195 1240 1284 1328 1377 1417 1452 1459 1454 1391 1372 1366 1387 1422 1423 1384 1351 1318 1333 1373 1376 1372 1364 1331 1297 1260 1229 1216 1211 1181 1168 1164 1131 1110 1098 1099 1110 1123 1133 1098 1073 1055 1028 1003 971 939 902 855 794 811 851 897 950 996 1008 1014 1018 1017 1035 1048 1071 1086 1101 1126 1161 1206 1262 1267 1326 1335 1240 1202 1180 1183
-32768 1126 1136 1148 1136 1124 1142 1155 1157 1154 1194 1231 1268 1322 1360 1388 1412 1410 1368 1333 1328 1351 1382 1390 1380 1349 1306 1274 1333 1354 1351 1348 1342 1312 1271 1224 1229 1216 1203 1181 1168 1145 1119 1088 1061 1049 1064 1082 1084 1079 1059 1032 1002 974 951 925 893 849 793 817 852 893 930 962 970 970 967 972 1008 1022 1054 1068 1082 1126 1161 1206 1262 1310 1359 1350 1271 1237 1222 1213
-32768 1077 1084 1112 1123 1125 1140 1158 1148 1149 1169 1195 1234 1282 1312 1327 1343 1332 1282 1276 1305 1333 1339 1331 1319 1296 1268 1243 1309 1332 1325 1321 1342 1312 1271 1224 1193 1178 1159 1140 1133 1133 1113 1073 1036 1015 1018 1041 1034 1037 1026 1006 977 949 925 897 870 824 806 838 853 866 880 905 923 927 926 935 981 1022 1054 1068 1082 1118 1165 1206 1270 1328 1403 1389 1308 1296 1294 1276
-32768 1034 1042 1052 1071 1075 1095 1112 1122 1122 1141 1168 1201 1228 1245 1259 1268 1253 1236 1255 1282 1296 1290 1279 1257 1240 1225 1211 1309 1332 1325 1321 1312 1298 1263 1215 1174 1148 1118 1097 1097 1105 1102 1057 1021 999 986 993 987 989 989 974 962 938 905 874 850 773 790 813 823 834 851 870 883 927 926 955 981 1008 1036 1053 1090 1129 1163 1202 1275 1371 1416 1418 1352 1347 1345 1338
-32768 996 989 1003 1021 1021 1044 1095 1095 1079 1114 1143 1157 1161 1178 1186 1193 1190 1213 1248 1265 1261 1248 1227 1257 1240 1225 1234 1284 1309 1293 1281 1278 1272 1254 1220 1168 1098 1083 1064 1060 1067 1068 1048 1015 982 955 957 947 940 948 942 940 923 895 874 841 759 773 787 823 834 851 870 883 885 891 932 959 991 1014 1052 1106 1142 1171 1203 1244 1330 1398 1428 1425 1425 1422 1399
-32768 960 949 952 974 982 1021 1072 1059 1041 1076 1101 1098 1107 1124 1131 1146 1184 1219 1244 1265 1261 1248 1227 1206 1195 1180 1200 1245 1270 1264 1246 1241 1239 1229 1202 1165 1089 1064 1044 1038 1038 1048 1048 1003 963 926 926 919 911 916 910 905 899 890 873 841 759 773 787 804 829 843 851 852 841 855 913 923 945 995 1055 1102 1131 1150 1175 1222 1310 1385 1458 1477 1475 1467 1438
-32768 903 904 916 931 956 990 1012 1005 1001 1033 1051 1056 1066 1084 1131 1146 1184 1219 1244 1247 1227 1207 1189 1166 1156 1154 1167 1197 1222 1228 1214 1206 1201 1190 1171 1146 1090 1051 1028 1025 1018 1020 1019 992 952 881 877 889 895 880 878 905 899 890 873 804 766 751 760 777 792 800 802 812 813 840 871 896 934 968 1017 1059 1082 1109 1159 1261 1326 1385 1446 1452 1445 1460 1469
-32768 850 872 896 899 911 961 968 969 982 1004 1051 1056 1066 1084 1100 1160 1188 1217 1231 1231 1206 1174 1155 1141 1133 1127 1130 1153 1185 1211 1203 1182 1167 1154 1139 1114 1090 1050 1026 1009 1003 997 991 977 950 877 850 889 895 880 878 863 854 853 851 817 774 745 755 777 790 814 826 846 867 869 870 882 909 940 993 1039 1080 1107 1146 1263 1337 1381 1418 1394 1395 1415 1451
-32768 807 843 865 881 904 951 968 969 982 1004 1019 1040 1060 1080 1101 1147 1170 1193 1208 1213 1188 1153 1125 1119 1115 1112 1104 1138 1175 1202 1204 1180 1148 1127 1119 1097 1082 1053 1023 997 982 978 991 977 950 877 850 852 863 853 841 829 815 811 817 778 751 736 761 799 832 853 868 896 917 933 927 923 929 929 973 1022 1081 1137 1168 1251 1301 1350 1372 1394 1395 1415 1451
-32768 854 877 865 881 904 951 968 993 1019 1035 1045 1069 1094 1104 1109 1129 1142 1152 1172 1180 1161 1129 1103 1094 1092 1087 1095 1136 1163 1183 1195 1175 1143 1107 1090 1088 1063 1030 1023 997 982 978 970 952 893 864 834 817 825 825 807 790 785 772 746 738 733 745 764 795 834 863 895 933 983 994 997 995 990 968 960 987 1049 1097 1166 1251 1301 1350 1372 1345 1359 1397 1433
-32768 854 877 894 913 992 1005 1023 1038 1066 1087 1093 1118 1134 1126 1095 1104 1118 1116 1131 1147 1135 1108 1091 1077 1072 1074 1092 1114 1129 1150 1166 1157 1131 1093 1090 1088 1063 1030 1002 978 961 956 965 952 892 866 836 799 780 783 776 757 753 735 726 733 739 765 791 807 833 866 908 956 1028 1049 1051 1032 1041 1035 1005 987 1049 1097 1166 1211 1256 1292 1311 1309 1338 1363 1390
-32768 889 913 945 976 1060 1081 1091 1102 1125 1150 1160 1169 1154 1124 1075 1080 1097 1088 1091 1104 1111 1102 1091 1067 1051 1062 1078 1091 1106 1116 1166 1157 1131 1093 1066 1060 1035 996 971 955 945 934 936 935 881 856 843 821 776 749 744 726 723 726 764 775 777 788 816 842 869 897 923 957 1052 1093 1051 1032 1041 1035 1005 976 994 1071 1128 1173 1207 1226 1238 1277 1301 1319 1348
-32768 953 952 977 1019 1110 1134 1149 1155 1145 1149 1168 1184 1164 1106 1057 1051 1068 1065 1059 1065 1079 1080 1069 1056 1033 1043 1078 1091 1106 1116 1135 1126 1100 1047 1034 1025 1003 972 952 937 929 917 895 890 858 824 806 794 778 744 720 713 732 795 821 838 833 817 834 847 891 930 923 999 1052 1093 1132 1146 1126 1102 1069 1039 1016 1020 1073 1116 1147 1178 1208 1263 1298 1328 1351
-32768 1007 1025 1041 1098 1109 1112 1138 1125 1097 1082 1101 1150 1128 1020 1026 1026 1042 1045 1032 1040 1054 1080 1069 1041 1033 1043 1057 1057 1063 1096 1117 1103 1078 1010 995 979 968 950 932 920 907 886 859 854 833 808 781 763 753 734 708 721 759 828 867 893 888 850 834 847 891 930 962 1026 1076 1135 1185 1213 1199 1155 1127 1104 1083 1037 1035 1067 1119 1164 1211 1304 1336 1356 1373
-32768 1033 1081 1103 1101 1088 1085 1097 1080 1052 1016 1040 1083 1042 979 1003 1009 1023 1045 1032 1040 1054 1054 1033 1021 1013 1024 1022 1026 1053 1090 1096 1079 1040 976 952 935 930 927 907 890 878 856 830 824 819 798 774 751 731 714 699 724 766 842 867 893 888 850 862 895 921 946 985 1080 1121 1164 1213 1250 1256 1229 1200 1173 1127 1112 1087 1069 1102 1160 1205 1284 1295 1307 1326
-32768 1060 1100 1109 1068 1058 1051 1057 1049 1028 -32768 969 965 955 979 1003 1009 1023 1033 1019 1015 1023 1021 1003 1005 995 998 994 1023 1054 1065 1063 1054 980 945 924 909 902 893 876 860 855 842 798 808 814 788 767 736 700 714 699 724 805 842 887 920 920 890 889 929 962 990 1067 1113 1154 1195 1245 1288 1318 1321 1275 1226 1194 1186 1157 1117 1089 1127 1164 1226 1222 1233 1264
-32768 1059 1074 1054 1032 1013 1003 994 989 982 -32768 969 965 944 954 990 1002 1008 1020 1005 994 1000 998 973 972 980 975 981 1022 1032 1011 1009 1006 970 930 905 880 867 861 855 829 815 817 785 778 788 788 767 736 700 691 706 727 783 826 877 919 940 925 913 939 999 1040 1110 1148 1190 1230 1290 1348 1361 1328 1294 1276 1260 1242 1212 1171 1134 1114 1125 1160 1169 1198 1264
-32768 1030 1039 1010 980 950 1003 994 989 982 937 884 900 909 945 983 998 983 998 995 983 977 959 928 921 933 948 975 1004 994 959 944 942 946 931 901 862 844 836 832 805 784 817 785 778 788 770 742 716 690 697 721 744 790 808 848 889 928 959 962 972 1014 1096 1134 1179 1232 1282 1329 1371 1370 1341 1327 1331 1325 1297 1253 1206 1169 1165 1125 1160 1169 1231 1250
